pct ARC TIDE
0.5 59.820 59.840
1.5 49.380 51.380
2.5 42.380 44.180
3.5 52.220 53.520
4.5 54.320 55.260
5.5 35.060 36.440
6.5 36.080 37.500
7.5 42.240 43.500
8.5 35.600 37.240
9.5 42.480 44.260
10.5 51.100 52.300
11.5 61.700 62.140
12.5 56.280 57.720
13.5 45.280 46.600
14.5 58.600 59.520
15.5 40.400 41.920
16.5 53.060 53.940
17.5 55.420 56.700
18.5 70.780 70.940
19.5 44.880 46.720
20.5 40.840 42.220
21.5 36.120 38.540
22.5 58.060 59.020
23.5 57.480 58.240
24.5 48.980 50.920
25.5 50.720 52.420
26.5 46.340 47.120
27.5 35.540 37.680
28.5 31.240 33.640
29.5 35.140 36.560
30.5 31.840 33.000
31.5 42.580 44.000
32.5 36.480 37.260
33.5 39.220 40.160
34.5 85.620 85.860
35.5 66.520 67.040
36.5 71.580 72.120
37.5 45.260 46.000
38.5 28.080 30.240
39.5 44.840 46.620
40.5 36.780 38.560
41.5 36.440 38.060
42.5 35.100 36.380
43.5 30.560 31.540
44.5 27.740 29.000
45.5 63.880 64.140
46.5 27.960 28.780
47.5 29.560 31.580
48.5 36.480 38.240
49.5 29.280 30.700
50.5 43.940 45.000
51.5 64.580 65.120
52.5 59.640 60.220
53.5 32.300 33.900
54.5 51.220 52.460
55.5 73.320 73.800
56.5 31.280 32.880
57.5 32.680 35.080
58.5 29.980 31.600
59.5 33.980 36.740
60.5 39.580 41.200
61.5 34.440 36.300
62.5 34.800 36.000
63.5 46.260 47.660
64.5 48.060 49.300
65.5 49.700 51.260
66.5 41.120 42.320
67.5 29.960 31.640
68.5 51.140 52.320
69.5 55.000 56.200
70.5 38.000 38.920
71.5 42.860 44.540
72.5 47.240 48.580
73.5 37.580 39.480
74.5 35.340 36.260
75.5 49.840 50.800
76.5 41.560 43.360
77.5 37.320 38.980
78.5 46.400 47.840
79.5 43.660 44.940
80.5 42.240 44.080
81.5 37.840 39.360
82.5 34.180 34.960
83.5 30.960 32.400
84.5 31.460 33.620
85.5 37.560 39.800
86.5 45.080 47.000
87.5 65.080 66.140
88.5 64.880 65.700
89.5 35.760 36.600
90.5 46.180 46.660
91.5 30.520 31.520
92.5 40.640 41.960
93.5 32.420 34.260
94.5 27.900 30.020
95.5 28.180 30.480
96.5 33.300 35.840
97.5 43.800 45.520
98.5 38.180 41.080
99.5 36.940 38.380
