pct ARC TIDE
0.5 20.140 20.140
1.5 21.620 21.620
2.5 20.360 20.360
3.5 21.560 27.580
4.5 22.500 46.560
5.5 23.180 44.900
6.5 23.240 50.560
7.5 21.860 53.740
8.5 23.360 47.200
9.5 23.960 55.440
10.5 23.680 54.700
11.5 23.660 46.380
12.5 24.140 41.000
13.5 22.860 43.900
14.5 23.240 48.300
15.5 25.040 52.380
16.5 23.760 50.400
17.5 23.420 50.380
18.5 24.040 46.960
19.5 24.600 38.860
20.5 24.040 40.740
21.5 23.800 42.000
22.5 24.720 48.000
23.5 23.280 48.260
24.5 23.900 47.580
25.5 24.680 48.140
26.5 23.920 45.620
27.5 24.580 41.240
28.5 23.640 41.980
29.5 23.380 43.040
30.5 23.300 46.520
31.5 24.620 47.660
32.5 24.320 45.260
33.5 22.940 46.560
34.5 24.060 44.780
35.5 24.480 38.260
36.5 23.860 39.320
37.5 25.120 42.120
38.5 24.420 42.380
39.5 24.480 43.580
40.5 23.480 43.220
41.5 24.060 44.500
42.5 24.200 41.060
43.5 23.980 33.840
44.5 24.560 37.700
45.5 23.820 41.120
46.5 23.200 43.780
47.5 24.900 41.020
48.5 23.720 43.200
49.5 25.640 44.100
50.5 24.440 40.400
51.5 24.060 39.600
52.5 24.920 38.940
53.5 25.580 36.100
54.5 25.300 44.800
55.5 25.560 42.360
56.5 24.620 43.980
57.5 24.560 43.740
58.5 25.200 40.160
59.5 24.320 40.600
60.5 25.880 42.220
61.5 24.720 41.020
62.5 23.800 43.280
63.5 24.580 43.080
64.5 24.880 43.720
65.5 25.040 41.320
66.5 25.100 38.220
67.5 24.340 39.820
68.5 24.360 41.420
69.5 25.240 34.860
70.5 25.380 44.120
71.5 24.500 44.420
72.5 24.740 43.400
73.5 24.240 43.500
74.5 24.500 41.340
75.5 25.580 35.020
76.5 25.420 41.560
77.5 24.440 40.520
78.5 23.740 39.560
79.5 24.600 42.460
80.5 24.160 46.700
81.5 24.880 45.660
82.5 24.980 40.400
83.5 24.660 42.800
84.5 24.780 39.860
85.5 24.680 38.680
86.5 25.480 46.220
87.5 24.080 41.420
88.5 24.820 46.580
89.5 25.140 43.740
90.5 25.100 41.780
91.5 24.740 43.040
92.5 25.440 43.020
93.5 24.840 38.280
94.5 25.300 43.160
95.5 24.140 41.620
96.5 25.720 45.740
97.5 24.740 38.180
98.5 25.140 37.680
99.5 24.760 39.860
