pct ARC TIDE
0.5 55.250 55.250
1.5 60.850 60.850
2.5 63.050 63.400
3.5 63.850 64.370
4.5 64.150 64.580
5.5 65.050 65.340
6.5 65.020 65.170
7.5 65.680 65.970
8.5 65.940 66.250
9.5 65.250 65.360
10.5 65.330 65.490
11.5 65.440 65.450
12.5 64.870 65.220
13.5 64.570 65.150
14.5 64.880 64.740
15.5 64.990 65.500
16.5 64.680 65.020
17.5 65.210 65.410
18.5 49.490 49.680
19.5 0.000 0.000
20.5 0.000 0.000
21.5 0.000 0.000
22.5 0.000 0.000
23.5 0.000 0.000
24.5 0.000 0.000
25.5 0.000 0.040
26.5 0.000 1.240
27.5 0.000 70.200
28.5 0.000 62.100
29.5 0.000 79.050
30.5 0.000 78.530
31.5 0.000 75.760
32.5 0.000 75.760
33.5 0.000 75.760
34.5 0.000 77.420
35.5 0.000 80.160
36.5 0.000 75.760
37.5 22.920 58.860
38.5 57.580 54.290
39.5 61.780 54.930
40.5 62.440 59.300
41.5 63.760 61.950
42.5 63.110 61.540
43.5 64.710 64.370
44.5 65.440 65.530
45.5 64.460 64.270
46.5 64.850 64.630
47.5 65.690 65.820
48.5 64.950 64.870
49.5 64.150 64.540
50.5 49.870 43.350
51.5 60.040 55.820
52.5 61.680 61.140
53.5 62.400 62.900
54.5 63.790 64.280
55.5 64.810 65.130
56.5 65.130 65.340
57.5 65.320 65.770
58.5 65.110 65.310
59.5 63.970 64.140
60.5 64.690 64.650
61.5 64.740 64.780
62.5 65.890 66.030
63.5 64.770 65.100
64.5 65.480 65.890
65.5 65.570 65.790
66.5 65.380 65.610
67.5 65.220 65.480
68.5 48.630 49.040
69.5 0.000 0.000
70.5 0.000 0.000
71.5 0.000 0.000
72.5 0.000 0.000
73.5 0.000 0.000
74.5 0.000 0.000
75.5 0.000 0.000
76.5 0.000 41.080
77.5 0.000 75.760
78.5 0.000 77.070
79.5 0.000 79.730
80.5 0.000 76.540
81.5 0.000 75.760
82.5 0.000 75.760
83.5 0.000 76.080
84.5 0.000 79.810
85.5 0.000 77.450
86.5 0.000 75.760
87.5 22.210 57.650
88.5 57.590 54.270
89.5 61.970 60.590
90.5 61.100 60.880
91.5 63.010 62.310
92.5 64.460 63.320
93.5 64.760 64.250
94.5 64.210 64.240
95.5 64.670 64.810
96.5 64.830 65.000
97.5 64.930 64.900
98.5 64.620 64.990
99.5 64.970 65.440
